# logA ns theta_MC_100 ombh2 omch2 tau A_planck amp_143 amp_217 amp_143x217 n_143 n_217 n_143x217 calTE calEE
2.124806877571504640e-04 1.149306433226976127e-05 3.885880742644082322e-07 3.652222425784080061e-07 -2.664342446256869596e-06 9.980224878752341018e-05 8.766974714629554327e-06 -4.521962342523442799e-03 -4.452147169917695414e-03 -4.584050169710814950e-03 1.253491002530922544e-04 7.359367705165458266e-04 1.108030915630471049e-03 -5.755945019674579751e-06 -1.979974783829187022e-06
1.149306433226976127e-05 1.226462138190648176e-05 1.192633042780185719e-07 1.032483202539263248e-07 -1.343415936979761657e-06 7.453795436395076140e-06 3.513061043034171438e-07 -3.942446441322331602e-03 -3.765868642430620326e-03 -3.822037984166475229e-03 9.125765624029826494e-05 6.420089428074301184e-04 9.496576344220858477e-04 1.138448563983756408e-07 -1.491654075187371528e-06
3.885880742644082322e-07 1.192633042780185719e-07 5.553635663511650995e-08 5.727983218005766160e-09 -2.426891459442356492e-08 1.947589435366006219e-07 -2.236847297730337738e-09 -2.005388042542502081e-06 5.816437187634176925e-08 -1.564400002368443887e-06 2.499311725049009130e-07 -2.081512293541588540e-07 8.566150295538020760e-07 -3.284503172579708901e-08 2.075527075885078525e-08
3.652222425784080061e-07 1.032483202539263248e-07 5.727983218005766160e-09 1.429338002819651388e-08 -2.654617019661979220e-08 1.712827745726754948e-07 1.515006284955565282e-08 -6.884614677040804009e-05 -6.752428941038427456e-05 -6.855992879569754368e-05 2.060424380636897973e-07 8.689489471061054992e-06 1.283732579817000680e-05 -5.843525106287787362e-08 -1.578801249793983175e-07
-2.664342446256869596e-06 -1.343415936979761657e-06 -2.426891459442356492e-08 -2.654617019661979220e-08 5.846376482370802511e-07 -1.854835725353576442e-06 -1.552390515924305442e-07 1.304597142874686696e-04 1.243999061173470071e-04 1.291150046855585407e-04 -2.344917553820005212e-06 -1.800956458709182333e-05 -2.813682661040263741e-05 -1.082477418206561339e-07 -3.815757143419235069e-07
9.980224878752341018e-05 7.453795436395076140e-06 1.947589435366006219e-07 1.712827745726754948e-07 -1.854835725353576442e-06 5.391083403540192356e-05 -1.409621276111455469e-06 -1.759302320046534328e-03 -1.634858560659756786e-03 -1.659405497436703888e-03 1.613544253648161050e-06 2.047730554515176174e-04 3.125182238820993475e-04 -2.569173339807385729e-06 -1.608457909447884371e-06
8.766974714629554327e-06 3.513061043034171438e-07 -2.236847297730337738e-09 1.515006284955565282e-08 -1.552390515924305442e-07 -1.409621276111455469e-06 6.022642177213719699e-06 1.690986832895234452e-04 7.428672910427650575e-05 4.530727726651271941e-05 2.360087366720261953e-06 5.694118259913600943e-06 1.689413230577940535e-06 -4.446011156917505450e-07 -5.574411566689216701e-08
-4.521962342523442799e-03 -3.942446441322331602e-03 -2.005388042542502504e-06 -6.884614677040802654e-05 1.304597142874686696e-04 -1.759302320046534328e-03 1.690986832895234181e-04 3.698881235553350688e+00 3.182721094669510808e+00 3.362925172692622144e+00 -1.182741785093513326e-01 -6.426645703198761161e-01 -9.683217083490740507e-01 -4.628635551852677572e-04 -1.274026256357317362e-04
-4.452147169917695414e-03 -3.765868642430620326e-03 5.816437187634314568e-08 -6.752428941038427456e-05 1.243999061173470071e-04 -1.634858560659756786e-03 7.428672910427653285e-05 3.182721094669510808e+00 3.335658363838239993e+00 3.244147099062693940e+00 -1.507211392181029841e-01 -6.568311827574327966e-01 -9.670414836676087811e-01 -4.427371636822094014e-04 -1.595521630343557976e-04
-4.584050169710814082e-03 -3.822037984166475229e-03 -1.564400002368443887e-06 -6.855992879569754368e-05 1.291150046855585407e-04 -1.659405497436703888e-03 4.530727726651273296e-05 3.362925172692622144e+00 3.244147099062693940e+00 3.352554218017548937e+00 -1.519176421932702803e-01 -6.551612581546878422e-01 -9.699160650917724169e-01 -4.668616299922057566e-04 -1.563765233645181816e-04
1.253491002530922544e-04 9.125765624029825139e-05 2.499311725049006483e-07 2.060424380636898502e-07 -2.344917553820005212e-06 1.613544253648163803e-06 2.360087366720261953e-06 -1.182741785093513326e-01 -1.507211392181029841e-01 -1.519176421932702803e-01 3.144843136362628078e-02 3.356029765667480763e-02 6.535475604998911003e-02 7.741805753582935515e-05 1.099240557950946051e-04
7.359367705165459350e-04 6.420089428074301184e-04 -2.081512293541588540e-07 8.689489471061054992e-06 -1.800956458709182333e-05 2.047730554515176174e-04 5.694118259913606872e-06 -6.426645703198762272e-01 -6.568311827574327966e-01 -6.551612581546878422e-01 3.356029765667480763e-02 1.675197486879523856e-01 2.255266166016594576e-01 1.317144935615343682e-04 1.440259300634116934e-04
1.108030915630471049e-03 9.496576344220854140e-04 8.566150295538029231e-07 1.283732579817000680e-05 -2.813682661040263741e-05 3.125182238820993475e-04 1.689413230577935453e-06 -9.683217083490740507e-01 -9.670414836676087811e-01 -9.699160650917724169e-01 6.535475604998911003e-02 2.255266166016594576e-01 3.627032668113891467e-01 2.150382496831351666e-04 2.318877182559135781e-04
-5.755945019674579751e-06 1.138448563983756408e-07 -3.284503172579708901e-08 -5.843525106287787362e-08 -1.082477418206561339e-07 -2.569173339807385729e-06 -4.446011156917505450e-07 -4.628635551852678114e-04 -4.427371636822094014e-04 -4.668616299922057566e-04 7.741805753582935515e-05 1.317144935615343682e-04 2.150382496831351666e-04 1.328119387776589960e-05 4.777583930509470570e-06
-1.979974783829187022e-06 -1.491654075187371528e-06 2.075527075885078525e-08 -1.578801249793983175e-07 -3.815757143419235069e-07 -1.608457909447884371e-06 -5.574411566689216701e-08 -1.274026256357317362e-04 -1.595521630343557976e-04 -1.563765233645181545e-04 1.099240557950946051e-04 1.440259300634116934e-04 2.318877182559135781e-04 4.777583930509470570e-06 1.405712264543654420e-05
