# logA ns theta_MC_100 ombh2 omch2 tau A_planck amp_143 amp_217 amp_143x217 n_143 n_217 n_143x217 calTE calEE
1.896021014342427378e-04 1.212411597395317286e-05 3.270036524277060733e-07 3.645347360230278844e-07 -3.190644928498978981e-06 8.934591457574108731e-05 8.471003695674224926e-06 -4.160727753384579029e-03 -4.060220691269687994e-03 -4.124912071753774473e-03 8.149608183751853982e-05 6.113080074829439206e-04 8.947707690231577896e-04 -6.071288777638011529e-06 -1.090797502133432933e-06
1.212411597395317286e-05 1.308758480317538992e-05 1.409946031349041470e-07 1.234807982174161001e-07 -1.636350582330179589e-06 7.953471120115670410e-06 3.734836509891649025e-07 -4.205403685466518535e-03 -4.110901835109674260e-03 -4.131855080229274862e-03 1.159215505336767148e-04 6.725335173311252105e-04 9.511266801531488091e-04 5.757143836467024843e-07 -1.173215729232246731e-06
3.270036524277060733e-07 1.409946031349041470e-07 5.645880733396611645e-08 4.922138270351551833e-09 -2.917006874670556500e-08 1.830401632320202829e-07 -1.199187829415730242e-08 4.471234577035218812e-06 5.516874536431468019e-06 3.714156026050358535e-06 -3.392795640922942035e-07 -1.175412566463986707e-06 -2.618148633334027965e-06 -3.796360806660590885e-08 3.546727702337962623e-08
3.645347360230278844e-07 1.234807982174161001e-07 4.922138270351551833e-09 1.483463067002643542e-08 -3.410663368020153757e-08 1.812005040677275731e-07 1.144739663932591223e-08 -7.727713329967214834e-05 -7.297439726472810856e-05 -7.468166565605830821e-05 -6.352408223959420107e-08 8.561478873299188997e-06 1.285965407466189944e-05 -5.803068666649507214e-08 -1.571147358716671594e-07
-3.190644928498978981e-06 -1.636350582330179589e-06 -2.917006874670556500e-08 -3.410663368020153757e-08 6.743278831525991006e-07 -2.191320508135116949e-06 -1.578271874649204411e-07 2.316267122903909435e-04 2.296540288505636283e-04 2.342162217690355443e-04 -4.681337689047840630e-06 -3.366004787901475802e-05 -4.946005679662254437e-05 -9.200200887764149672e-08 -3.959103439848673660e-07
8.934591457574108731e-05 7.953471120115670410e-06 1.830401632320202829e-07 1.812005040677275731e-07 -2.191320508135116949e-06 4.931665982013797353e-05 -1.593821223516759029e-06 -1.615593391070120101e-03 -1.549583717536322670e-03 -1.520231943951129644e-03 -1.589697763019754160e-05 1.727326674951471940e-04 2.540363356638976832e-04 -2.713487502419322944e-06 -1.091874280631035056e-06
8.471003695674224926e-06 3.734836509891649025e-07 -1.199187829415730242e-08 1.144739663932591223e-08 -1.578271874649204411e-07 -1.593821223516758605e-06 6.002553699342745739e-06 1.025305707984304493e-04 7.143388156697033468e-05 2.584509369114230173e-05 7.452637486566720147e-07 4.028137984159331301e-06 -2.994584973057885919e-07 -3.805685538214330882e-07 -2.609156785578078648e-08
-4.160727753384579029e-03 -4.205403685466518535e-03 4.471234577035218812e-06 -7.727713329967214834e-05 2.316267122903909435e-04 -1.615593391070120101e-03 1.025305707984304493e-04 3.731270913024478109e+00 3.231401575227883072e+00 3.410483313859521193e+00 -1.298368106714435921e-01 -6.144893628535494923e-01 -8.930923788024065502e-01 -4.361922520671354078e-04 -7.567790962242028807e-05
-4.060220691269687127e-03 -4.110901835109674260e-03 5.516874536431468019e-06 -7.297439726472810856e-05 2.296540288505636283e-04 -1.549583717536322670e-03 7.143388156697033468e-05 3.231401575227883072e+00 3.401579747997875991e+00 3.303437915004068248e+00 -1.642565190204408332e-01 -6.297458916111574601e-01 -9.057732496159419666e-01 -4.349264457095575621e-04 -1.669443380974114832e-04
-4.124912071753774473e-03 -4.131855080229274862e-03 3.714156026050358535e-06 -7.468166565605830821e-05 2.342162217690355443e-04 -1.520231943951129644e-03 2.584509369114226785e-05 3.410483313859521193e+00 3.303437915004068248e+00 3.406019629859270204e+00 -1.632950915072109155e-01 -6.283123619606039156e-01 -9.014663041891159967e-01 -4.224652033814825687e-04 -1.401356526615810561e-04
8.149608183751853982e-05 1.159215505336767148e-04 -3.392795640922942564e-07 -6.352408223959420107e-08 -4.681337689047839783e-06 -1.589697763019754160e-05 7.452637486566734970e-07 -1.298368106714435921e-01 -1.642565190204408332e-01 -1.632950915072109155e-01 3.145089348813413094e-02 3.454188746571087293e-02 6.424139596571729061e-02 5.719919503440816473e-05 9.695713493355354788e-05
6.113080074829440290e-04 6.725335173311252105e-04 -1.175412566463986496e-06 8.561478873299188997e-06 -3.366004787901475802e-05 1.727326674951471940e-04 4.028137984159331301e-06 -6.144893628535494923e-01 -6.297458916111574601e-01 -6.283123619606039156e-01 3.454188746571087293e-02 1.516224668010880128e-01 2.000030507659693313e-01 9.555251854902028791e-05 1.296379705993491217e-04
8.947707690231577896e-04 9.511266801531488091e-04 -2.618148633334028389e-06 1.285965407466189944e-05 -4.946005679662254437e-05 2.540363356638976832e-04 -2.994584973057968505e-07 -8.930923788024065502e-01 -9.057732496159419666e-01 -9.014663041891159967e-01 6.424139596571729061e-02 2.000030507659693313e-01 3.115531959920976868e-01 1.480153903565898375e-04 2.074748812987621841e-04
-6.071288777638011529e-06 5.757143836467024843e-07 -3.796360806660590885e-08 -5.803068666649507214e-08 -9.200200887764149672e-08 -2.713487502419322944e-06 -3.805685538214330882e-07 -4.361922520671354078e-04 -4.349264457095575621e-04 -4.224652033814825687e-04 5.719919503440816473e-05 9.555251854902028791e-05 1.480153903565898646e-04 1.286145717883521758e-05 4.306370453622785464e-06
-1.090797502133432933e-06 -1.173215729232246731e-06 3.546727702337962623e-08 -1.571147358716671594e-07 -3.959103439848673660e-07 -1.091874280631035056e-06 -2.609156785578078648e-08 -7.567790962242031518e-05 -1.669443380974114832e-04 -1.401356526615810561e-04 9.695713493355354788e-05 1.296379705993491217e-04 2.074748812987621841e-04 4.306370453622785464e-06 1.407156667177101173e-05
