# logA ns theta_MC_100 ombh2 omch2 tau A_planck amp_143 amp_217 amp_143x217 n_143 n_217 n_143x217 calTE calEE
1.843398767003467573e-04 1.730928851564795688e-05 5.852438836654018412e-07 4.310253633071845748e-07 -4.639748831854295004e-06 8.693592463525076435e-05 9.466024328431969683e-06 -6.120618076236808945e-03 -6.221711750352141093e-03 -6.331997957125955548e-03 1.878383351790345243e-04 9.723555142689121198e-04 1.381834703079298093e-03 -4.268853280575747610e-06 -1.650450269879916919e-07
1.730928851564795688e-05 1.666202150430918816e-05 2.590189226706767765e-07 2.024324712810331278e-07 -2.669167070619524957e-06 1.085552260277139641e-05 1.122007211822047402e-06 -5.343647772714472249e-03 -5.213607168432676971e-03 -5.291968486715537857e-03 1.877259373120352748e-04 8.340904749731158562e-04 1.172382243553152931e-03 6.457938512321882028e-07 -8.587449050344726302e-07
5.852438836654018412e-07 2.590189226706767765e-07 5.709506028476517319e-08 7.010012739688464421e-09 -7.545110961891837531e-08 3.193830275509963224e-07 3.772711847363472705e-08 -1.459486116830884978e-05 -1.550951208114172852e-05 -1.674503286436394674e-05 -1.381258013223525973e-07 2.470349054466441296e-06 2.633628016157213611e-06 1.634957571879021782e-08 4.764915880945711264e-08
4.310253633071845748e-07 2.024324712810331278e-07 7.010012739688464421e-09 1.579555958028350146e-08 -5.894342901836196855e-08 2.320253000610830840e-07 2.075083424911909824e-08 -9.738525630649629407e-05 -9.348372905173299137e-05 -9.492542997954627490e-05 8.743650595559077600e-07 1.158071364165601068e-05 1.627163649779480228e-05 -4.383228722483135045e-08 -1.423628239938196365e-07
-4.639748831854295004e-06 -2.669167070619524957e-06 -7.545110961891837531e-08 -5.894342901836196855e-08 1.071473504188417665e-06 -3.157205036318029193e-06 -3.657939287411607672e-07 3.627032414515259009e-04 3.747721976980811004e-04 3.778180777150166392e-04 -1.195545178693031020e-05 -5.012276897019111738e-05 -6.891899703566924226e-05 -1.339757173321090328e-07 -5.205363876391528484e-07
8.693592463525076435e-05 1.085552260277139641e-05 3.193830275509963224e-07 2.320253000610830840e-07 -3.157205036318029193e-06 4.829580283725585409e-05 -8.443022632249880046e-07 -2.420944881900333970e-03 -2.394942036774630814e-03 -2.421985375403265094e-03 2.067569848203038761e-05 3.055347341464136838e-04 4.300434485920879711e-04 -2.097625490712116238e-06 -6.923514864304562340e-07
9.466024328431969683e-06 1.122007211822047402e-06 3.772711847363472705e-08 2.075083424911909824e-08 -3.657939287411607672e-07 -8.443022632249881105e-07 5.977963943500999182e-06 -6.848338945294191594e-05 -1.601411526749497332e-04 -1.839760294347829819e-04 9.433664128171667627e-06 4.540609108666317402e-05 6.249078811532916204e-05 -1.567222070704041893e-07 1.102480435409756105e-07
-6.120618076236808945e-03 -5.343647772714472249e-03 -1.459486116830884978e-05 -9.738525630649629407e-05 3.627032414515259009e-04 -2.420944881900333970e-03 -6.848338945294191594e-05 4.519922391214135082e+00 4.016986561025532865e+00 4.207248647800510000e+00 -1.890391014431145600e-01 -7.444649646875970417e-01 -1.055215974948766400e+00 -6.759885515724529470e-04 -2.048458410808383801e-04
-6.221711750352141093e-03 -5.213607168432676971e-03 -1.550951208114172852e-05 -9.348372905173299137e-05 3.747721976980811004e-04 -2.394942036774630814e-03 -1.601411526749497332e-04 4.016986561025532865e+00 4.169882766750276026e+00 4.090992384050803565e+00 -2.228255393512847404e-01 -7.551023547584447826e-01 -1.066189279702351556e+00 -6.420800387410111098e-04 -3.068763420173224298e-04
-6.331997957125955548e-03 -5.291968486715537857e-03 -1.674503286436394674e-05 -9.492542997954627490e-05 3.778180777150166392e-04 -2.421985375403265094e-03 -1.839760294347829819e-04 4.207248647800510000e+00 4.090992384050803565e+00 4.209764156536889068e+00 -2.213041487114715267e-01 -7.578100554157135571e-01 -1.066786138252556748e+00 -6.654331926413596752e-04 -3.085325120752723015e-04
1.878383351790344972e-04 1.877259373120352748e-04 -1.381258013223524650e-07 8.743650595559077600e-07 -1.195545178693031020e-05 2.067569848203039100e-05 9.433664128171667627e-06 -1.890391014431145600e-01 -2.228255393512847404e-01 -2.213041487114715267e-01 3.507898301754718007e-02 4.515837807174440804e-02 7.631021679788640988e-02 8.473973282062033765e-05 1.269165702745588063e-04
9.723555142689121198e-04 8.340904749731158562e-04 2.470349054466441296e-06 1.158071364165601068e-05 -5.012276897019111738e-05 3.055347341464136838e-04 4.540609108666316724e-05 -7.444649646875970417e-01 -7.551023547584447826e-01 -7.578100554157135571e-01 4.515837807174440804e-02 1.712570198219691975e-01 2.268194523474570401e-01 1.591132083344506357e-04 1.656606053301213515e-04
1.381834703079298093e-03 1.172382243553152931e-03 2.633628016157214458e-06 1.627163649779480228e-05 -6.891899703566924226e-05 4.300434485920879711e-04 6.249078811532914849e-05 -1.055215974948766400e+00 -1.066189279702351556e+00 -1.066786138252556748e+00 7.631021679788640988e-02 2.268194523474570401e-01 3.446005640201731390e-01 2.315855515833467322e-04 2.447482706754516520e-04
-4.268853280575747610e-06 6.457938512321882028e-07 1.634957571879021782e-08 -4.383228722483135045e-08 -1.339757173321090328e-07 -2.097625490712116238e-06 -1.567222070704041893e-07 -6.759885515724529470e-04 -6.420800387410111098e-04 -6.654331926413597836e-04 8.473973282062033765e-05 1.591132083344506357e-04 2.315855515833467322e-04 1.326152538826607780e-05 4.775754691578069648e-06
-1.650450269879916919e-07 -8.587449050344726302e-07 4.764915880945711264e-08 -1.423628239938196365e-07 -5.205363876391528484e-07 -6.923514864304563399e-07 1.102480435409756105e-07 -2.048458410808383801e-04 -3.068763420173224298e-04 -3.085325120752723015e-04 1.269165702745588063e-04 1.656606053301213515e-04 2.447482706754516520e-04 4.775754691578069648e-06 1.439117516660412028e-05
