# logA ns theta_MC_100 ombh2 omch2 tau A_planck amp_143 amp_217 amp_143x217 n_143 n_217 n_143x217 calTE calEE
2.055833610666608501e-04 9.312603673408548216e-06 1.786234302128736689e-07 2.917600114654126292e-07 -1.563010936899966973e-06 9.624945112934472956e-05 8.236982025941588497e-06 -4.029573873629396091e-03 -4.002414907955652648e-03 -4.169831259623281786e-03 1.053342232700675866e-04 6.152601476437180670e-04 9.666096967736727231e-04 -7.233361970899998731e-06 -4.541601236154626388e-06
9.312603673408548216e-06 1.108266910354402983e-05 2.454692570350016763e-08 6.596232174118015807e-08 -8.310873011897927295e-07 5.736472275421888009e-06 3.841905913869321951e-07 -3.877078082497629336e-03 -3.719272253288931525e-03 -3.790704063287125749e-03 9.573028069894452287e-05 6.394072700206942118e-04 9.515141275076429914e-04 3.809296564020591504e-07 -1.599884710584077434e-06
1.786234302128736689e-07 2.454692570350016763e-08 5.256103459879275743e-08 2.482220723282799476e-09 5.351100095871211403e-09 6.871352612260225220e-08 -4.553109966518311889e-09 3.460988654041316352e-05 3.171927916492545542e-05 3.335766600209430705e-05 -7.781392383768194880e-07 -5.780998153782929257e-06 -8.737006708488266780e-06 -2.782136646819221957e-08 1.699327514191902069e-08
2.917600114654126292e-07 6.596232174118015807e-08 2.482220723282799476e-09 1.212005144299362406e-08 -1.268780253705695601e-08 1.287321532534238305e-07 1.104858604355994375e-08 -5.666848667415510463e-05 -5.357555525676265521e-05 -5.508573375999326164e-05 -3.982293207755805910e-07 6.388985443358057738e-06 9.533636421018820605e-06 -5.588878182059042959e-08 -1.600362873713679108e-07
-1.563010936899966973e-06 -8.310873011897927295e-07 5.351100095871211403e-09 -1.268780253705695601e-08 3.479678831155626193e-07 -1.089872821274482847e-06 -1.170576725375509606e-07 8.848630590578279384e-05 8.104931817807248793e-05 8.478811076421568615e-05 -7.408663390343486125e-07 -9.934257311852021712e-06 -1.533065695138110621e-05 -8.697547869520460404e-08 -2.287261021986352138e-07
9.624945112934472956e-05 5.736472275421888009e-06 6.871352612260225220e-08 1.287321532534238305e-07 -1.089872821274482847e-06 5.193328780733364201e-05 -1.694098051855124263e-06 -1.365472722345210943e-03 -1.287932004874149791e-03 -1.307736759497125662e-03 -1.388587458907941479e-05 1.357837253778600432e-04 2.091740316174279276e-04 -3.463618065646804057e-06 -3.077812288009906571e-06
8.236982025941588497e-06 3.841905913869321951e-07 -4.553109966518311889e-09 1.104858604355994375e-08 -1.170576725375509606e-07 -1.694098051855124263e-06 5.906261531028068975e-06 1.315316901996177295e-05 -4.730857597813069759e-05 -1.019472136401287319e-04 8.238133974221144792e-06 2.039937119850051495e-05 4.200277010480168066e-05 -3.094392784977241020e-07 1.958661839191911981e-08
-4.029573873629396091e-03 -3.877078082497629336e-03 3.460988654041316352e-05 -5.666848667415510463e-05 8.848630590578279384e-05 -1.365472722345211160e-03 1.315316901996177295e-05 3.627869441942480400e+00 3.118275126857112944e+00 3.310951634875312077e+00 -1.186419131587879566e-01 -6.305951214171718888e-01 -9.453028345759486584e-01 -5.134534388117381176e-04 -8.976877192824229967e-05
-4.002414907955652648e-03 -3.719272253288931525e-03 3.171927916492546219e-05 -5.357555525676265521e-05 8.104931817807248793e-05 -1.287932004874149791e-03 -4.730857597813069759e-05 3.118275126857112944e+00 3.273983247907976679e+00 3.198287522610457678e+00 -1.520517480378546782e-01 -6.475131424140040393e-01 -9.512311209983090876e-01 -5.699356465572567735e-04 -1.250249286561812517e-04
-4.169831259623281786e-03 -3.790704063287125749e-03 3.335766600209430705e-05 -5.508573375999326164e-05 8.478811076421568615e-05 -1.307736759497125662e-03 -1.019472136401287319e-04 3.310951634875312077e+00 3.198287522610457678e+00 3.317191657213955480e+00 -1.527575764164578742e-01 -6.469722858886226557e-01 -9.551291689252725536e-01 -5.859057671193863056e-04 -1.472299193393349071e-04
1.053342232700675866e-04 9.573028069894452287e-05 -7.781392383768196997e-07 -3.982293207755805910e-07 -7.408663390343486125e-07 -1.388587458907941479e-05 8.238133974221148180e-06 -1.186419131587879566e-01 -1.520517480378546782e-01 -1.527575764164578742e-01 3.079447473766182275e-02 3.288165283720573956e-02 6.387460307553680106e-02 8.008479658611915753e-05 1.014220191505473646e-04
6.152601476437181754e-04 6.394072700206942118e-04 -5.780998153782929257e-06 6.388985443358057738e-06 -9.934257311852021712e-06 1.357837253778600432e-04 2.039937119850051495e-05 -6.305951214171718888e-01 -6.475131424140040393e-01 -6.469722858886226557e-01 3.288165283720573956e-02 1.644184062103285493e-01 2.209281358144887519e-01 1.556801331368226930e-04 1.290683573792535284e-04
9.666096967736727231e-04 9.515141275076429914e-04 -8.737006708488265086e-06 9.533636421018820605e-06 -1.533065695138110621e-05 2.091740316174279819e-04 4.200277010480168744e-05 -9.453028345759486584e-01 -9.512311209983090876e-01 -9.551291689252725536e-01 6.387460307553678718e-02 2.209281358144887519e-01 3.536367419222246622e-01 2.150190887805037776e-04 1.950332057485123041e-04
-7.233361970899998731e-06 3.809296564020591504e-07 -2.782136646819221957e-08 -5.588878182059042959e-08 -8.697547869520460404e-08 -3.463618065646804057e-06 -3.094392784977241020e-07 -5.134534388117381176e-04 -5.699356465572567735e-04 -5.859057671193863056e-04 8.008479658611917108e-05 1.556801331368226930e-04 2.150190887805037776e-04 1.344862636527311233e-05 4.963288399674701062e-06
-4.541601236154625541e-06 -1.599884710584077434e-06 1.699327514191901077e-08 -1.600362873713679108e-07 -2.287261021986352932e-07 -3.077812288009906571e-06 1.958661839191913967e-08 -8.976877192824217770e-05 -1.250249286561811704e-04 -1.472299193393350155e-04 1.014220191505473646e-04 1.290683573792535555e-04 1.950332057485123041e-04 4.963288399674701062e-06 1.353284761302983173e-05
