# logA ns ombh2 omch2 tau theta_MC_100 A_planck amp_143 amp_217 amp_143x217 n_143 n_217 n_143x217 calTE calEE
1.844072621703910127e-04 1.051419532395761663e-05 3.968084038105122166e-07 -2.920841231937806305e-06 8.556657631845065862e-05 3.401946747493146127e-07 8.893251156878636065e-06 -4.511118693881792027e-03 -4.396923755247729437e-03 -4.609595791356138790e-03 1.757023651318502576e-04 6.866862845003122431e-04 1.095026203432423930e-03 -6.177670800837317597e-06 -2.586051734870219775e-06
1.051419532395761663e-05 1.310123885818915872e-05 1.330832447150006407e-07 -1.639297670419761087e-06 7.020545264976828711e-06 1.353774865890336181e-07 5.901146609135990411e-07 -4.216451145177738287e-03 -4.065516925116687171e-03 -4.152657749885520569e-03 1.113643120037179866e-04 6.664999548519684111e-04 9.629390856042474361e-04 2.799043026371044074e-07 -1.641828953026740399e-06
3.968084038105122166e-07 1.330832447150006407e-07 1.521799610284481782e-08 -4.025513800230685101e-08 1.967172113781095238e-07 6.372521321061256513e-09 2.168794604484233256e-08 -7.624498858780131216e-05 -7.168628883245359144e-05 -7.327476036741180550e-05 4.147661920254008287e-07 8.767751960442354858e-06 1.300145948345981145e-05 -7.094038820271437659e-08 -1.597132491958633183e-07
-2.920841231937806305e-06 -1.639297670419761087e-06 -4.025513800230685101e-08 6.920273110432678954e-07 -2.041406590852754687e-06 -3.648637665313328247e-08 -1.980930840788711679e-07 2.282135947581311779e-04 2.243182459771525354e-04 2.353400964660988417e-04 -8.001421241923129996e-06 -3.179352374174822509e-05 -4.789095090258412176e-05 -3.481343676489213445e-08 -2.797961710630058421e-07
8.556657631845065862e-05 7.020545264976828711e-06 1.967172113781094709e-07 -2.041406590852754687e-06 4.713292645743494079e-05 1.604711019210824242e-07 -1.656714704753731137e-06 -1.692879994281361452e-03 -1.584099218359712527e-03 -1.640468782215534927e-03 1.689076332257703427e-05 1.789611627503191586e-04 2.997189913136819994e-04 -2.954221912755715060e-06 -1.989762089493435661e-06
3.401946747493146127e-07 1.353774865890336181e-07 6.372521321061256513e-09 -3.648637665313328247e-08 1.604711019210824242e-07 5.634166238893570569e-08 2.244804395347659398e-08 8.156909201913686409e-07 6.180668634719820778e-06 2.283229658556179430e-06 -5.894780862994002598e-07 -1.183699759658801544e-06 -2.333066563099867400e-06 -2.036131950410752456e-08 2.009692529711320144e-08
8.893251156878636065e-06 5.901146609135990411e-07 2.168794604484233256e-08 -1.980930840788711679e-07 -1.656714704753731137e-06 2.244804395347659398e-08 6.312179785683102572e-06 2.710236655536843543e-06 -5.757584262372657507e-05 -1.067135973073614287e-04 1.079774954268730827e-05 3.278728387280384045e-05 5.215474840438776786e-05 -2.467782913980319370e-07 -7.614981504084036278e-08
-4.511118693881792027e-03 -4.216451145177738287e-03 -7.624498858780131216e-05 2.282135947581311779e-04 -1.692879994281361452e-03 8.156909201913686409e-07 2.710236655536832532e-06 3.752369039059123335e+00 3.242298988078777811e+00 3.424478014343415921e+00 -1.350547001952696891e-01 -6.221259799686331693e-01 -9.114432126648395194e-01 -3.582661561358894704e-04 2.529785624138328797e-06
-4.396923755247729437e-03 -4.065516925116687171e-03 -7.168628883245359144e-05 2.243182459771525354e-04 -1.584099218359712527e-03 6.180668634719819084e-06 -5.757584262372658185e-05 3.242298988078777811e+00 3.413616807001687903e+00 3.323525847071084893e+00 -1.689674881564622866e-01 -6.378971440981455743e-01 -9.217233667820343701e-01 -4.159823120557456805e-04 -9.528504426252179581e-05
-4.609595791356138790e-03 -4.152657749885520569e-03 -7.327476036741180550e-05 2.353400964660988417e-04 -1.640468782215534927e-03 2.283229658556180277e-06 -1.067135973073614287e-04 3.424478014343415921e+00 3.323525847071084893e+00 3.427795682317158477e+00 -1.676787532410432546e-01 -6.370017206592791803e-01 -9.188525977693797753e-01 -4.139072096631282553e-04 -8.617101433594933724e-05
1.757023651318502576e-04 1.113643120037179866e-04 4.147661920254008287e-07 -8.001421241923129996e-06 1.689076332257703089e-05 -5.894780862994002598e-07 1.079774954268730827e-05 -1.350547001952696891e-01 -1.689674881564622588e-01 -1.676787532410432546e-01 3.179676080338664224e-02 3.589099823709900744e-02 6.578149791297789595e-02 9.479621471997494615e-05 1.171761132006025148e-04
6.866862845003122431e-04 6.664999548519683027e-04 8.767751960442354858e-06 -3.179352374174821831e-05 1.789611627503191586e-04 -1.183699759658802391e-06 3.278728387280384723e-05 -6.221259799686331693e-01 -6.378971440981455743e-01 -6.370017206592791803e-01 3.589099823709900744e-02 1.538837940905753154e-01 2.047644795925123717e-01 1.237780930180691109e-04 1.222787667997402917e-04
1.095026203432424147e-03 9.629390856042476530e-04 1.300145948345980806e-05 -4.789095090258412176e-05 2.997189913136820536e-04 -2.333066563099867400e-06 5.215474840438776786e-05 -9.114432126648395194e-01 -9.217233667820343701e-01 -9.188525977693797753e-01 6.578149791297789595e-02 2.047644795925123162e-01 3.185976096862264129e-01 2.075360222265182331e-04 1.907886220323825829e-04
-6.177670800837317597e-06 2.799043026371044074e-07 -7.094038820271437659e-08 -3.481343676489213445e-08 -2.954221912755715060e-06 -2.036131950410752456e-08 -2.467782913980319370e-07 -3.582661561358894704e-04 -4.159823120557456805e-04 -4.139072096631282553e-04 9.479621471997494615e-05 1.237780930180691109e-04 2.075360222265182331e-04 1.362401573443702837e-05 4.828757790447094296e-06
-2.586051734870219775e-06 -1.641828953026740399e-06 -1.597132491958633183e-07 -2.797961710630058421e-07 -1.989762089493435661e-06 2.009692529711320144e-08 -7.614981504084036278e-08 2.529785624138339808e-06 -9.528504426252180936e-05 -8.617101433594933724e-05 1.171761132006025148e-04 1.222787667997402917e-04 1.907886220323825558e-04 4.828757790447094296e-06 1.376879245271249737e-05
