# logA ns theta_MC_100 ombh2 omch2 tau w wa A_planck amp_143 amp_217 amp_143x217 n_143 n_217 n_143x217 calTE calEE
1.856542571528157191e-04 1.236514743624110212e-05 3.713359748930593368e-07 3.847839050839240898e-07 -3.229858670033491244e-06 8.649797629646235680e-05 -9.300278968597091298e-05 6.095888844961948111e-04 9.197457994682545410e-06 -4.800156314571954290e-03 -4.600312825047999168e-03 -4.810934773138417220e-03 1.353869926416186498e-04 6.831202121644825483e-04 1.029562556126438662e-03 -5.366998635757662343e-06 -1.872782009117214696e-06
1.236514743624110212e-05 1.356909316081287549e-05 1.337035287720305612e-07 1.394679284645699293e-07 -1.552512790520551489e-06 7.967672763497074033e-06 -2.473326922102427687e-05 2.061482362905601355e-04 3.592319370096590939e-07 -4.673649100358823021e-03 -4.500000544837434377e-03 -4.573530302761743757e-03 1.438237767507395020e-04 7.316204312760038334e-04 1.060753803391357997e-03 5.601403159452766621e-07 -1.495865431499740131e-06
3.713359748930593368e-07 1.337035287720305612e-07 5.697566283935225588e-08 4.945264516439811558e-09 -2.629507845984649090e-08 1.684020880712468559e-07 -1.282536887325883094e-06 9.377485530042718652e-06 2.086624995091934422e-08 2.993145215447814029e-06 5.174520279133940204e-06 3.788277120545308185e-06 -2.227157814269405980e-07 -1.970123241678811694e-06 -2.011843335686007029e-06 -1.323003432871702355e-08 3.441889956555106394e-08
3.847839050839240898e-07 1.394679284645699293e-07 4.945264516439811558e-09 1.459719497233319500e-08 -3.505868748429268169e-08 1.908619454719779990e-07 -6.624085977097445300e-07 5.928276861430718244e-06 1.663935959697526829e-08 -7.909166520447980257e-05 -7.442681660579617573e-05 -7.631552216625399202e-05 3.478276693828224961e-07 9.234322861731963166e-06 1.357233006880863935e-05 -5.369330750320901759e-08 -1.509070098749070765e-07
-3.229858670033491244e-06 -1.552512790520551489e-06 -2.629507845984649090e-08 -3.505868748429268169e-08 6.255632860160139055e-07 -2.148989488301296896e-06 1.191193065713986205e-05 -8.699768757641727760e-05 -1.644916881249623154e-07 2.456290404879797520e-04 2.362514641594336111e-04 2.418261229490917155e-04 -6.694711681805744281e-06 -3.296109420446010827e-05 -5.048215632672278872e-05 -1.494565909478439312e-07 -3.645301061095536100e-07
8.649797629646235680e-05 7.967672763497074033e-06 1.684020880712468559e-07 1.908619454719779990e-07 -2.148989488301296896e-06 4.745020719510380821e-05 -5.508972338861160622e-05 3.670535803938501651e-04 -1.326017919703410444e-06 -1.969924000220134742e-03 -1.857229898593851843e-03 -1.900661606202309374e-03 1.241576550188855778e-05 2.265253780418393867e-04 3.300602630989040668e-04 -2.305134214735145806e-06 -1.395669595353881223e-06
-9.300278968597091298e-05 -2.473326922102427687e-05 -1.282536887325883094e-06 -6.624085977097445300e-07 1.191193065713986205e-05 -5.508972338861160622e-05 3.092981331981783065e-03 -1.105493241263889523e-02 -4.416465576498929134e-06 1.148657593260766661e-03 1.070602480383643813e-03 1.293813291556909252e-03 -1.613507424546326236e-04 -5.960914604902141253e-05 -2.617187851148848653e-04 -2.710609311838602785e-06 -9.007078821647785237e-06
6.095888844961948111e-04 2.061482362905601355e-04 9.377485530042716958e-06 5.928276861430717397e-06 -8.699768757641727760e-05 3.670535803938501651e-04 -1.105493241263889523e-02 4.747286319459694676e-02 3.064226595053844957e-05 -2.596689720843620847e-02 -2.454259340651826840e-02 -2.600269206811769290e-02 9.256512073555916726e-04 2.847712484589344419e-03 5.205785571549563853e-03 9.918390960564954894e-06 4.180826214829585201e-05
9.197457994682545410e-06 3.592319370096590939e-07 2.086624995091934422e-08 1.663935959697526829e-08 -1.644916881249623154e-07 -1.326017919703410444e-06 -4.416465576498929134e-06 3.064226595053844957e-05 6.147062079766321890e-06 1.590701762045410635e-04 1.273363275392630208e-04 8.342823720219046753e-05 -7.437608293486233402e-06 -1.916923351367572404e-05 -1.145988348597028501e-05 -4.657200351961575164e-07 -2.253797989458726716e-07
-4.800156314571954290e-03 -4.673649100358823021e-03 2.993145215447814029e-06 -7.909166520447980257e-05 2.456290404879797520e-04 -1.969924000220134742e-03 1.148657593260766227e-03 -2.596689720843620847e-02 1.590701762045410635e-04 4.038145708523027899e+00 3.515964351322980797e+00 3.707260307402586719e+00 -1.564161914740012926e-01 -6.720536618359340686e-01 -9.768237712793536032e-01 -6.163331028284102248e-04 -1.259083788687342248e-04
-4.600312825047999168e-03 -4.500000544837434377e-03 5.174520279133941898e-06 -7.442681660579617573e-05 2.362514641594336111e-04 -1.857229898593851843e-03 1.070602480383643597e-03 -2.454259340651826840e-02 1.273363275392630208e-04 3.515964351322980797e+00 3.655395315263340272e+00 3.576881340467837678e+00 -1.876643121629363586e-01 -6.823858669219806661e-01 -9.776443259355223070e-01 -6.411499455605355067e-04 -1.590861359555753444e-04
-4.810934773138417220e-03 -4.573530302761743757e-03 3.788277120545307761e-06 -7.631552216625399202e-05 2.418261229490917155e-04 -1.900661606202309374e-03 1.293813291556909252e-03 -2.600269206811769290e-02 8.342823720219048108e-05 3.707260307402586719e+00 3.576881340467837678e+00 3.693546527049156758e+00 -1.876249463615538848e-01 -6.828904732214348128e-01 -9.802156778114169411e-01 -6.369823926831543522e-04 -1.511226167343176488e-04
1.353869926416186498e-04 1.438237767507395020e-04 -2.227157814269405980e-07 3.478276693828224432e-07 -6.694711681805744281e-06 1.241576550188855947e-05 -1.613507424546326236e-04 9.256512073555918894e-04 -7.437608293486233402e-06 -1.564161914740012926e-01 -1.876643121629363586e-01 -1.876249463615538848e-01 3.352936679017894106e-02 3.865748400743565516e-02 7.057982907719566323e-02 9.149814999397718320e-05 1.158675605204456037e-04
6.831202121644825483e-04 7.316204312760039418e-04 -1.970123241678811694e-06 9.234322861731963166e-06 -3.296109420446010827e-05 2.265253780418393867e-04 -5.960914604902141253e-05 2.847712484589344853e-03 -1.916923351367572404e-05 -6.720536618359340686e-01 -6.823858669219806661e-01 -6.828904732214348128e-01 3.865748400743565516e-02 1.625389313526675039e-01 2.151726761357651285e-01 1.665725048721730433e-04 1.327361619445655840e-04
1.029562556126438662e-03 1.060753803391357997e-03 -2.011843335686007029e-06 1.357233006880863935e-05 -5.048215632672278872e-05 3.300602630989040668e-04 -2.617187851148848653e-04 5.205785571549563853e-03 -1.145988348597029179e-05 -9.768237712793536032e-01 -9.776443259355223070e-01 -9.802156778114169411e-01 7.057982907719566323e-02 2.151726761357651285e-01 3.344677503706613986e-01 2.629744635963356027e-04 2.129662764173064773e-04
-5.366998635757662343e-06 5.601403159452766621e-07 -1.323003432871702355e-08 -5.369330750320901759e-08 -1.494565909478439312e-07 -2.305134214735145806e-06 -2.710609311838602785e-06 9.918390960564954894e-06 -4.657200351961575164e-07 -6.163331028284102248e-04 -6.411499455605355067e-04 -6.369823926831543522e-04 9.149814999397718320e-05 1.665725048721730433e-04 2.629744635963356027e-04 1.330347392074337732e-05 4.630377164045617301e-06
-1.872782009117215331e-06 -1.495865431499740555e-06 3.441889956555105071e-08 -1.509070098749071030e-07 -3.645301061095535041e-07 -1.395669595353881858e-06 -9.007078821647785237e-06 4.180826214829584523e-05 -2.253797989458727775e-07 -1.259083788687341435e-04 -1.590861359555752631e-04 -1.511226167343175946e-04 1.158675605204456037e-04 1.327361619445655840e-04 2.129662764173064773e-04 4.630377164045617301e-06 1.347915028087149664e-05
