# logA ns theta_MC_100 ombh2 omch2 tau w wa A_planck amp_143 amp_217 amp_143x217 n_143 n_217 n_143x217 calTE calEE
1.805681589357318814e-04 1.197792405497463542e-05 3.852894171309477273e-07 4.147520649019003015e-07 -3.419879631771384415e-06 8.484650333456927591e-05 -7.827207585255967855e-05 6.007400464458448894e-04 7.910064678063949149e-06 -5.492072157392490286e-03 -5.250221658911368404e-03 -5.383697740505608009e-03 2.210633302184907023e-04 8.230780128878087496e-04 1.222368243158620778e-03 -5.094977495104890338e-06 -1.184874410570363827e-06
1.197792405497463542e-05 1.255257256061978702e-05 9.062372968028712754e-08 1.166732844604654270e-07 -1.479593635009959500e-06 7.405408353020884005e-06 -2.376266857742615602e-05 1.923231705125849763e-04 5.816633134500222347e-07 -4.296755404420239677e-03 -4.171929076061373781e-03 -4.237269225327354102e-03 1.473331851204494943e-04 6.755649533939475822e-04 9.740662552035901341e-04 3.229657480654509975e-07 -1.319053882034727923e-06
3.852894171309477273e-07 9.062372968028712754e-08 5.367452339936266013e-08 4.370758710535759664e-09 -1.860158330121593028e-08 1.827141828448771451e-07 -9.726772306224019362e-07 6.642038022278241180e-06 8.752676487858912767e-09 1.181576548650319768e-05 1.194926238969592897e-05 1.048322369086048978e-05 -2.680315079454951929e-07 -1.396741747601305126e-06 -1.179247832223253267e-06 -3.079112750766388149e-08 2.018473939656595777e-08
4.147520649019003015e-07 1.166732844604654270e-07 4.370758710535759664e-09 1.512685172107506425e-08 -3.554038602768717430e-08 2.042258507152079957e-07 -6.683496737789191146e-07 5.440444444586072583e-06 1.742150340514885781e-08 -7.148610092336356509e-05 -6.747511319972898257e-05 -6.996221985108588240e-05 1.075756054278235366e-07 7.647721557383288990e-06 1.179306024483639252e-05 -6.232918910074751406e-08 -1.656254625975528500e-07
-3.419879631771384415e-06 -1.479593635009959500e-06 -1.860158330121593028e-08 -3.554038602768717430e-08 6.483672693253741224e-07 -2.202267311545979411e-06 1.020196131722807217e-05 -8.085228615657223791e-05 -2.347575285582167866e-07 2.135453572313665473e-04 2.117268514756540890e-04 2.127343673574418699e-04 -4.458171606552885999e-06 -3.213598921177945520e-05 -4.484098941377052239e-05 -1.975506052981551505e-08 -3.115206787837844650e-07
8.484650333456927591e-05 7.405408353020884005e-06 1.827141828448771451e-07 2.042258507152079957e-07 -2.202267311545979411e-06 4.678310027346643292e-05 -4.363642879374971401e-05 3.468101282644028100e-04 -1.684261425425656135e-06 -2.086840903750638524e-03 -1.903881855369166619e-03 -1.928624941765198471e-03 4.690742605862980658e-05 2.391457031946483047e-04 3.675485434200497750e-04 -2.675663997776549019e-06 -1.604453105861189499e-06
-7.827207585255967855e-05 -2.376266857742615602e-05 -9.726772306224019362e-07 -6.683496737789191146e-07 1.020196131722807217e-05 -4.363642879374971401e-05 3.014800126436237120e-03 -1.005895712138781678e-02 -6.032516937710218679e-06 3.546227010885381892e-03 3.063002669197141276e-03 2.971438498508832161e-03 -9.623516212780105529e-05 -7.500298845578142956e-04 -8.531012870369032415e-04 -2.138347203599339972e-07 -8.064711671499366299e-06
6.007400464458448894e-04 1.923231705125849763e-04 6.642038022278241180e-06 5.440444444586072583e-06 -8.085228615657225146e-05 3.468101282644028100e-04 -1.005895712138781505e-02 4.182830568257064202e-02 3.971727005848698597e-05 -2.872584448018871556e-02 -2.701027492999349272e-02 -2.734720983448135634e-02 3.959108759397055575e-04 4.809223054123019925e-03 5.760521463127874810e-03 1.022656346478462025e-06 3.810899520934462340e-05
7.910064678063949149e-06 5.816633134500222347e-07 8.752676487858912767e-09 1.742150340514885781e-08 -2.347575285582167866e-07 -1.684261425425656135e-06 -6.032516937710218679e-06 3.971727005848699275e-05 5.910970055644515982e-06 5.461696785426380877e-05 -1.409236126944229939e-05 -4.205078543553405471e-05 -2.853312397877124042e-06 1.099448584928152851e-05 1.059488470443870841e-05 -3.751707293128826164e-08 2.799580508858592905e-07
-5.492072157392490286e-03 -4.296755404420239677e-03 1.181576548650319768e-05 -7.148610092336356509e-05 2.135453572313665473e-04 -2.086840903750638524e-03 3.546227010885381892e-03 -2.872584448018871209e-02 5.461696785426380877e-05 4.028885260157034409e+00 3.521455521771676533e+00 3.718122501806985891e+00 -1.667913126200147311e-01 -6.750950004483786682e-01 -9.772629217152697390e-01 -5.257970145066341149e-04 -2.706469474332090725e-04
-5.250221658911368404e-03 -4.171929076061373781e-03 1.194926238969592897e-05 -6.747511319972898257e-05 2.117268514756540890e-04 -1.903881855369167053e-03 3.063002669197141276e-03 -2.701027492999349272e-02 -1.409236126944232141e-05 3.521455521771676533e+00 3.679039887092098393e+00 3.598590801078485057e+00 -1.969032399603055927e-01 -6.908257622241372742e-01 -9.863566453946128743e-01 -5.156820176469512291e-04 -3.850897152622992847e-04
-5.383697740505608009e-03 -4.237269225327354102e-03 1.048322369086048978e-05 -6.996221985108588240e-05 2.127343673574418699e-04 -1.928624941765198471e-03 2.971438498508832161e-03 -2.734720983448135634e-02 -4.205078543553406148e-05 3.718122501806985891e+00 3.598590801078485057e+00 3.717073791951713169e+00 -1.972346268185515283e-01 -6.892851628556500021e-01 -9.868634046842366114e-01 -5.680055180817595748e-04 -3.784065128282787255e-04
2.210633302184907294e-04 1.473331851204494943e-04 -2.680315079454951929e-07 1.075756054278236293e-07 -4.458171606552885999e-06 4.690742605862980658e-05 -9.623516212780106884e-05 3.959108759397055033e-04 -2.853312397877124465e-06 -1.667913126200147311e-01 -1.969032399603055927e-01 -1.972346268185515283e-01 3.379093917248507384e-02 4.166040987498015324e-02 7.345483937717937895e-02 9.315464126320490009e-05 1.193015472940529744e-04
8.230780128878087496e-04 6.755649533939475822e-04 -1.396741747601305126e-06 7.647721557383288990e-06 -3.213598921177945520e-05 2.391457031946482776e-04 -7.500298845578142956e-04 4.809223054123019925e-03 1.099448584928152851e-05 -6.750950004483786682e-01 -6.908257622241372742e-01 -6.892851628556501131e-01 4.166040987498015324e-02 1.636089210954305151e-01 2.180740598657510410e-01 1.509929981115604094e-04 1.970125606655649360e-04
1.222368243158620778e-03 9.740662552035901341e-04 -1.179247832223252843e-06 1.179306024483639252e-05 -4.484098941377052239e-05 3.675485434200497750e-04 -8.531012870369032415e-04 5.760521463127873942e-03 1.059488470443871011e-05 -9.772629217152697390e-01 -9.863566453946128743e-01 -9.868634046842366114e-01 7.345483937717937895e-02 2.180740598657510410e-01 3.364242924241734878e-01 2.437007608756372500e-04 2.623080381910712871e-04
-5.094977495104890338e-06 3.229657480654509975e-07 -3.079112750766388149e-08 -6.232918910074751406e-08 -1.975506052981551505e-08 -2.675663997776549019e-06 -2.138347203599339972e-07 1.022656346478463508e-06 -3.751707293128826164e-08 -5.257970145066341149e-04 -5.156820176469512291e-04 -5.680055180817595748e-04 9.315464126320490009e-05 1.509929981115604094e-04 2.437007608756372500e-04 1.340313973281390398e-05 4.367512826715822301e-06
-1.184874410570364462e-06 -1.319053882034728559e-06 2.018473939656595777e-08 -1.656254625975528765e-07 -3.115206787837845180e-07 -1.604453105861190135e-06 -8.064711671499369687e-06 3.810899520934464373e-05 2.799580508858592905e-07 -2.706469474332091267e-04 -3.850897152622993389e-04 -3.784065128282787255e-04 1.193015472940529744e-04 1.970125606655649360e-04 2.623080381910712871e-04 4.367512826715822301e-06 1.360633776852272040e-05
