# logA ns theta_MC_100 ombh2 omch2 tau A_planck amp_143 amp_217 amp_143x217 n_143 n_217 n_143x217 calTE calEE
1.905378099237624518e-04 1.235535851766202283e-05 2.641431407402617872e-07 3.676122306848758849e-07 -2.983383116038646988e-06 8.833363409095145401e-05 9.518030506025293766e-06 -5.165521966521853178e-03 -4.796873604326592350e-03 -5.112362313867165400e-03 1.075930519544822996e-04 7.293606294326970135e-04 1.010994792772893641e-03 -6.274041346291434645e-06 -3.182155727467068597e-06
1.235535851766202283e-05 1.282656094808189659e-05 1.169517049670128206e-07 1.163494532844608951e-07 -1.528587183734428232e-06 7.778893710435277970e-06 4.915687677596527914e-07 -4.233743727029207551e-03 -4.060862902188599154e-03 -4.181896359937701223e-03 1.251132398048960940e-04 6.727703955755112014e-04 9.681969159958089865e-04 4.406009220982795098e-07 -1.202208120348147614e-06
2.641431407402617872e-07 1.169517049670128206e-07 5.741621401774869345e-08 4.838758470704339283e-09 -3.049746056807353784e-08 1.215596347396700724e-07 1.643800990259976203e-08 1.601411460368763686e-05 1.242455524854327835e-05 1.479286875365927360e-05 2.426809433291146842e-07 -2.809785581348268052e-06 -2.980608710315771698e-06 -2.191670700792144506e-08 4.418738038075852102e-08
3.676122306848758849e-07 1.163494532844608951e-07 4.838758470704339283e-09 1.455928798480004574e-08 -3.635502805737173780e-08 1.836584236158263724e-07 1.576948898941437531e-08 -6.714835274407239714e-05 -6.423399217793687537e-05 -6.491772762425545966e-05 -2.540393596597591188e-07 7.201595573578955213e-06 1.058051087577666687e-05 -6.354265122675148087e-08 -1.632883349042530603e-07
-2.983383116038646988e-06 -1.528587183734428232e-06 -3.049746056807353784e-08 -3.635502805737173780e-08 6.628163490793704211e-07 -2.066673811048379157e-06 -1.444327220039768241e-07 2.064935764174123667e-04 2.005128422299024861e-04 2.048988064440095418e-04 -5.732697064415849680e-06 -2.540618540279305677e-05 -3.834923379511534920e-05 -8.614599212269569367e-08 -3.101287986125414768e-07
8.833363409095145401e-05 7.778893710435277970e-06 1.215596347396700724e-07 1.836584236158263724e-07 -2.066673811048379157e-06 4.808714036628129035e-05 -1.151433320827180037e-06 -2.000125012062045540e-03 -1.844952040701968018e-03 -1.904132232477225191e-03 -5.446871889040812045e-06 2.096818089717283917e-04 2.586000839391436649e-04 -2.653122675136211202e-06 -2.149342834905053074e-06
9.518030506025293766e-06 4.915687677596527914e-07 1.643800990259976203e-08 1.576948898941437531e-08 -1.444327220039768241e-07 -1.151433320827180249e-06 6.178950849006115949e-06 2.065106947306721873e-04 1.803163362098398617e-04 1.112249240818888806e-04 -9.935557347134661902e-06 -1.735267260444051985e-05 -1.000958154653651282e-05 -7.587573849909095793e-07 -2.992831764415362497e-07
-5.165521966521853178e-03 -4.233743727029207551e-03 1.601411460368764024e-05 -6.714835274407239714e-05 2.064935764174123667e-04 -2.000125012062045540e-03 2.065106947306721873e-04 4.091857745214425357e+00 3.517379208993912876e+00 3.746874387481695656e+00 -1.578647224112182945e-01 -6.878315833995378714e-01 -1.003242366412438802e+00 -7.709954202463983495e-04 -4.162277076210934732e-04
-4.796873604326593217e-03 -4.060862902188599154e-03 1.242455524854327835e-05 -6.423399217793687537e-05 2.005128422299024861e-04 -1.844952040701968018e-03 1.803163362098398617e-04 3.517379208993912876e+00 3.595799031108585453e+00 3.568485868404240424e+00 -1.833281174914238032e-01 -6.904085413888366718e-01 -9.940356093073176025e-01 -8.185096878033115177e-04 -3.793904251448308642e-04
-5.112362313867165400e-03 -4.181896359937701223e-03 1.479286875365927360e-05 -6.491772762425545966e-05 2.048988064440095418e-04 -1.904132232477225191e-03 1.112249240818888671e-04 3.746874387481695656e+00 3.568485868404240424e+00 3.726932753680525678e+00 -1.868401302011161169e-01 -6.986889344412291480e-01 -1.006354546341106548e+00 -7.534651102398244680e-04 -4.026349055631827842e-04
1.075930519544822996e-04 1.251132398048960940e-04 2.426809433291146312e-07 -2.540393596597591188e-07 -5.732697064415849680e-06 -5.446871889040825598e-06 -9.935557347134663596e-06 -1.578647224112182945e-01 -1.833281174914238587e-01 -1.868401302011161169e-01 3.301823445145420782e-02 3.912253245332270729e-02 7.122655422654945723e-02 1.000054595815912507e-04 1.162289356230924965e-04
7.293606294326970135e-04 6.727703955755112014e-04 -2.809785581348268052e-06 7.201595573578955213e-06 -2.540618540279305677e-05 2.096818089717283375e-04 -1.735267260444051647e-05 -6.878315833995379824e-01 -6.904085413888366718e-01 -6.986889344412291480e-01 3.912253245332270729e-02 1.675372849934784747e-01 2.237085378728899954e-01 1.901694100031716469e-04 1.666139190738625869e-04
1.010994792772893641e-03 9.681969159958089865e-04 -2.980608710315770427e-06 1.058051087577666687e-05 -3.834923379511534920e-05 2.586000839391436649e-04 -1.000958154653650943e-05 -1.003242366412438802e+00 -9.940356093073174915e-01 -1.006354546341106548e+00 7.122655422654944335e-02 2.237085378728899954e-01 3.510996920406113664e-01 2.894081953599857886e-04 2.687443581987787578e-04
-6.274041346291434645e-06 4.406009220982795098e-07 -2.191670700792144506e-08 -6.354265122675148087e-08 -8.614599212269569367e-08 -2.653122675136211202e-06 -7.587573849909095793e-07 -7.709954202463983495e-04 -8.185096878033115177e-04 -7.534651102398246848e-04 1.000054595815912507e-04 1.901694100031716740e-04 2.894081953599857886e-04 1.397226848350999532e-05 5.373745473989282810e-06
-3.182155727467068597e-06 -1.202208120348147614e-06 4.418738038075852102e-08 -1.632883349042530603e-07 -3.101287986125414768e-07 -2.149342834905053498e-06 -2.992831764415362497e-07 -4.162277076210934732e-04 -3.793904251448308642e-04 -4.026349055631828927e-04 1.162289356230925100e-04 1.666139190738625869e-04 2.687443581987787578e-04 5.373745473989282810e-06 1.449632411684912283e-05
