# logA ns ombh2 omch2 tau theta_MC_100 A_planck amp_143 amp_217 amp_143x217 n_143 n_217 n_143x217 calTE calEE
1.823552766478774424e-04 1.174434573914664379e-05 3.512979513479223377e-07 -3.052325809704741477e-06 8.622555859035654143e-05 3.574484276403972210e-07 7.741713885248261334e-06 -4.393876464067818580e-03 -4.369739527035011208e-03 -4.554211967745965678e-03 1.464811916058005980e-04 6.157892744061926969e-04 9.695627248822443834e-04 -4.893060412472455252e-06 -8.017682836911703393e-07
1.174434573914664379e-05 1.310743194272881944e-05 1.369649805951997978e-07 -1.615659923703920419e-06 7.616893851613681837e-06 1.722989970116199840e-07 5.324341881377471535e-07 -4.189889014422371744e-03 -4.103821150595831496e-03 -4.149610745018944731e-03 1.282489817847956017e-04 6.527579317732874449e-04 9.616996947728916664e-04 9.266271899265361748e-08 -1.529626379230600074e-06
3.512979513479223377e-07 1.369649805951997978e-07 1.433425215700352449e-08 -3.942040805408947522e-08 1.747996972111005583e-07 6.514466308194428553e-09 1.887195603856741622e-08 -7.462106434831088922e-05 -7.294899330811016906e-05 -7.408180206790133731e-05 6.176538460471720096e-07 8.477819934831077448e-06 1.257036858150820645e-05 -4.858232520835316327e-08 -1.466569455648457737e-07
-3.052325809704741477e-06 -1.615659923703920419e-06 -3.942040805408947522e-08 6.740795704199390698e-07 -2.116801334465521020e-06 -3.655352440854202772e-08 -1.583975794014647333e-07 2.222030039896018890e-04 2.305695772205823611e-04 2.287341377574627407e-04 -6.044017673062237561e-06 -2.845248577184502216e-05 -4.614751690789806025e-05 -8.765694647422106164e-08 -2.986044951210989643e-07
8.622555859035654143e-05 7.616893851613681837e-06 1.747996972111005583e-07 -2.116801334465521020e-06 4.805893468753888074e-05 1.919043030965676684e-07 -2.043028887083898650e-06 -1.672824526072956303e-03 -1.573722539129106431e-03 -1.599339990829766944e-03 1.753025207809870276e-06 1.541780061816617499e-04 2.497871457039237109e-04 -2.421672188066616125e-06 -9.755932223685563216e-07
3.574484276403972210e-07 1.722989970116199840e-07 6.514466308194428553e-09 -3.655352440854202772e-08 1.919043030965676684e-07 5.792206730541944656e-08 6.602598192499852857e-10 -1.097153784561468489e-05 -1.135537513007801421e-05 -1.115887152653290681e-05 -3.162159715619022331e-07 1.136823964792089061e-06 1.000169604021321971e-06 -2.627941063470245525e-08 1.672682423179471347e-08
7.741713885248261334e-06 5.324341881377471535e-07 1.887195603856741622e-08 -1.583975794014647333e-07 -2.043028887083898650e-06 6.602598192499852857e-10 6.067918666311383407e-06 -2.467313087183900985e-05 -1.148666781349276007e-04 -1.707238260012162491e-04 1.689127779593224826e-05 3.233004374498504163e-05 5.761904258858174815e-05 -1.446787495726266556e-07 -5.693134549476108600e-08
-4.393876464067818580e-03 -4.189889014422371744e-03 -7.462106434831088922e-05 2.222030039896018890e-04 -1.672824526072956303e-03 -1.097153784561468489e-05 -2.467313087183900985e-05 3.613636645575069029e+00 3.147008821802595779e+00 3.318987254249261110e+00 -1.330748512751041834e-01 -5.989254134888442049e-01 -8.810210901828332553e-01 -3.987045012521961591e-04 6.518717389902164527e-05
-4.369739527035011208e-03 -4.103821150595830629e-03 -7.294899330811016906e-05 2.305695772205823611e-04 -1.573722539129106431e-03 -1.135537513007801421e-05 -1.148666781349276007e-04 3.147008821802595779e+00 3.359181471579447908e+00 3.256232299468785563e+00 -1.705239713865279172e-01 -6.209513532787713785e-01 -9.025023818933447517e-01 -4.411858208701767078e-04 1.521098979069872103e-05
-4.554211967745965678e-03 -4.149610745018944731e-03 -7.408180206790133731e-05 2.287341377574627407e-04 -1.599339990829767161e-03 -1.115887152653290681e-05 -1.707238260012162491e-04 3.318987254249261110e+00 3.256232299468785563e+00 3.352706110614533497e+00 -1.693712025594102388e-01 -6.165161087516434213e-01 -8.957102948398749653e-01 -4.457492557505350118e-04 7.659875370666617832e-06
1.464811916058005980e-04 1.282489817847956017e-04 6.176538460471721155e-07 -6.044017673062239255e-06 1.753025207809874299e-06 -3.162159715619022331e-07 1.689127779593224826e-05 -1.330748512751041834e-01 -1.705239713865279172e-01 -1.693712025594102388e-01 3.200486980653732827e-02 3.555347297240897542e-02 6.640633738825520160e-02 7.929662920808112621e-05 9.184842515712081845e-05
6.157892744061928053e-04 6.527579317732874449e-04 8.477819934831077448e-06 -2.845248577184502216e-05 1.541780061816617499e-04 1.136823964792089061e-06 3.233004374498503486e-05 -5.989254134888442049e-01 -6.209513532787713785e-01 -6.165161087516434213e-01 3.555347297240896848e-02 1.498428040320447796e-01 2.001092521986519990e-01 1.287889685479756956e-04 9.585567377154361314e-05
9.695627248822447086e-04 9.616996947728916664e-04 1.257036858150820645e-05 -4.614751690789806025e-05 2.497871457039237651e-04 1.000169604021321336e-06 5.761904258858173460e-05 -8.810210901828332553e-01 -9.025023818933447517e-01 -8.957102948398750764e-01 6.640633738825520160e-02 2.001092521986519990e-01 3.136188398258284438e-01 1.979943458801348651e-04 1.528867504613456269e-04
-4.893060412472455252e-06 9.266271899265361748e-08 -4.858232520835316327e-08 -8.765694647422106164e-08 -2.421672188066616125e-06 -2.627941063470245525e-08 -1.446787495726266556e-07 -3.987045012521961591e-04 -4.411858208701767078e-04 -4.457492557505350118e-04 7.929662920808112621e-05 1.287889685479756956e-04 1.979943458801348651e-04 1.355607645891677388e-05 4.457831742731141120e-06
-8.017682836911703393e-07 -1.529626379230600074e-06 -1.466569455648457737e-07 -2.986044951210989643e-07 -9.755932223685563216e-07 1.672682423179471347e-08 -5.693134549476108600e-08 6.518717389902164527e-05 1.521098979069872103e-05 7.659875370666627996e-06 9.184842515712081845e-05 9.585567377154362669e-05 1.528867504613456269e-04 4.457831742731141120e-06 1.318288399212282060e-05
