# logA ns theta_MC_100 ombh2 omch2 tau A_planck amp_143 amp_217 amp_143x217 n_143 n_217 n_143x217 calTE calEE
1.838551889577147848e-04 1.547657588175798971e-05 5.511513579778106598e-07 4.480992571062795536e-07 -4.769297728313616948e-06 8.748857344034480991e-05 8.991078392653534785e-06 -5.268850258965607908e-03 -5.130604113300504809e-03 -5.392708226575711715e-03 2.032881140063449554e-04 8.709016557505423967e-04 1.307867137160880194e-03 -5.053579354114623521e-06 -6.873847164653736782e-07
1.547657588175798971e-05 1.510916078728476259e-05 2.704716166936296142e-07 2.019308833777598424e-07 -2.618219883122737616e-06 1.014833789064075492e-05 8.388223848494280474e-07 -4.592835811766883720e-03 -4.401066106612830896e-03 -4.513916841360070785e-03 1.395590311117778776e-04 6.829981703013965561e-04 1.001825281568572302e-03 5.241475247764969237e-07 -8.130072615203437373e-07
5.511513579778106598e-07 2.704716166936296142e-07 6.196319327171649203e-08 9.474958171027896856e-09 -8.355080732781865770e-08 3.019300248342494586e-07 4.320673038833902096e-08 -7.120866414902770480e-06 -1.217754602519656952e-05 -1.161218225137293215e-05 -4.069975274472776610e-07 1.253457986999891691e-06 2.720005274263311704e-06 -3.034043621720915097e-08 2.335761452388145634e-08
4.480992571062795536e-07 2.019308833777598424e-07 9.474958171027896856e-09 1.613149902894684894e-08 -6.618561983507256627e-08 2.495038935574545553e-07 2.108453943815466723e-08 -8.552327666736393285e-05 -8.150828984287847778e-05 -8.362035114259745033e-05 5.717246860825514523e-07 9.284614436346660376e-06 1.417462419561112960e-05 -5.319646505808879294e-08 -1.388604888748205355e-07
-4.769297728313616948e-06 -2.618219883122737616e-06 -8.355080732781865770e-08 -6.618561983507256627e-08 1.094503561693497387e-06 -3.297560321574088381e-06 -2.760763158879307100e-07 3.940733725045409861e-04 3.789220622367987920e-04 3.889216587483962438e-04 -8.297635872766439112e-06 -5.333300072879829389e-05 -7.662504289140888202e-05 -1.323721618259671493e-07 -5.321420382776573806e-07
8.748857344034480991e-05 1.014833789064075492e-05 3.019300248342495116e-07 2.495038935574545553e-07 -3.297560321574088381e-06 4.899681962394266001e-05 -1.108518589919525249e-06 -2.186727284852447908e-03 -2.056008220948686224e-03 -2.137789634267421319e-03 2.911774433719162693e-05 2.891433197606614776e-04 4.379239118345969249e-04 -2.404727569793718559e-06 -7.893960387551055622e-07
8.991078392653534785e-06 8.388223848494280474e-07 4.320673038833902096e-08 2.108453943815466723e-08 -2.760763158879307100e-07 -1.108518589919525249e-06 5.968520786196977854e-06 8.414027983209280460e-05 1.109907522238221035e-05 -3.266196790372162648e-05 2.660240920260763492e-06 1.744378798546447867e-05 1.996327008555561015e-05 -2.232416333076395609e-07 -1.515613529309600912e-07
-5.268850258965607908e-03 -4.592835811766883720e-03 -7.120866414902768786e-06 -8.552327666736393285e-05 3.940733725045409861e-04 -2.186727284852447908e-03 8.414027983209280460e-05 4.106926159626821615e+00 3.558967796923713678e+00 3.761455143321223105e+00 -1.716046393046046503e-01 -6.625902299126060768e-01 -9.715315442277401292e-01 -5.515033499669775522e-04 -4.265736337192046861e-04
-5.130604113300504809e-03 -4.401066106612830896e-03 -1.217754602519656952e-05 -8.150828984287847778e-05 3.789220622367987920e-04 -2.056008220948686224e-03 1.109907522238219510e-05 3.558967796923713678e+00 3.642286424817100521e+00 3.589254168636125897e+00 -2.017881918524198626e-01 -6.594135266764922232e-01 -9.635702446338243465e-01 -5.595265474834768167e-04 -4.470455593900744362e-04
-5.392708226575711715e-03 -4.513916841360070785e-03 -1.161218225137293215e-05 -8.362035114259745033e-05 3.889216587483962438e-04 -2.137789634267421319e-03 -3.266196790372162648e-05 3.761455143321223105e+00 3.589254168636125453e+00 3.728778172021522064e+00 -2.014003226755765597e-01 -6.660879634584403464e-01 -9.691979290005691139e-01 -5.750564632974798120e-04 -4.547072304210771250e-04
2.032881140063450096e-04 1.395590311117778776e-04 -4.069975274472774492e-07 5.717246860825514523e-07 -8.297635872766439112e-06 2.911774433719162354e-05 2.660240920260763492e-06 -1.716046393046046503e-01 -2.017881918524198626e-01 -2.014003226755765597e-01 3.390107967325491078e-02 4.184902628227046839e-02 7.416229557497061586e-02 9.067017904684401255e-05 1.336641500129616064e-04
8.709016557505423967e-04 6.829981703013965561e-04 1.253457986999891480e-06 9.284614436346660376e-06 -5.333300072879829389e-05 2.891433197606614776e-04 1.744378798546448206e-05 -6.625902299126060768e-01 -6.594135266764921122e-01 -6.660879634584403464e-01 4.184902628227046839e-02 1.529219067804944709e-01 2.071026429711642913e-01 1.580707807668224607e-04 1.990617116834698030e-04
1.307867137160880194e-03 1.001825281568572302e-03 2.720005274263312127e-06 1.417462419561112960e-05 -7.662504289140888202e-05 4.379239118345969249e-04 1.996327008555560337e-05 -9.715315442277401292e-01 -9.635702446338243465e-01 -9.691979290005691139e-01 7.416229557497060199e-02 2.071026429711642913e-01 3.255361611018390833e-01 2.294891951240405801e-04 2.918204016732335007e-04
-5.053579354114623521e-06 5.241475247764969237e-07 -3.034043621720915097e-08 -5.319646505808879294e-08 -1.323721618259671493e-07 -2.404727569793718559e-06 -2.232416333076395609e-07 -5.515033499669775522e-04 -5.595265474834769251e-04 -5.750564632974798120e-04 9.067017904684401255e-05 1.580707807668224607e-04 2.294891951240405259e-04 1.319278228595108516e-05 5.072507539766158728e-06
-6.873847164653736782e-07 -8.130072615203437373e-07 2.335761452388145634e-08 -1.388604888748205355e-07 -5.321420382776573806e-07 -7.893960387551055622e-07 -1.515613529309600912e-07 -4.265736337192046318e-04 -4.470455593900744904e-04 -4.547072304210771792e-04 1.336641500129616064e-04 1.990617116834698030e-04 2.918204016732335007e-04 5.072507539766158728e-06 1.464188846088724881e-05
