# logA ns theta_MC_100 ombh2 omch2 tau A_planck amp_143 amp_217 amp_143x217 n_143 n_217 n_143x217 calTE calEE
2.094954386054284786e-04 8.542151104252556225e-06 1.582612017015826777e-07 2.715692420736016499e-07 -2.003794546536363813e-06 9.940112746115563618e-05 7.324662362810165828e-06 -3.460702745593889108e-03 -3.392021279231317160e-03 -3.490215276592289941e-03 2.163320219038581031e-05 4.907446960666585114e-04 7.641281632697270428e-04 -7.967423301667023915e-06 -3.069089216549750459e-06
8.542151104252556225e-06 1.104704484169998357e-05 5.586476648032147015e-08 7.898014743079939561e-08 -8.644470607094264801e-07 5.276342421018098796e-06 4.481774911374126046e-07 -3.951419959102598842e-03 -3.743930097871219290e-03 -3.817427093197337407e-03 8.420711086931713342e-05 6.578164631069018716e-04 9.675125679248695832e-04 4.225975879323151037e-08 -1.598532475592852110e-06
1.582612017015826777e-07 5.586476648032147015e-08 5.231377943525242629e-08 2.383387316430703695e-09 4.056862542811669343e-09 3.168053501659075321e-08 1.803410530661843755e-08 1.319213173885638082e-05 1.053049843512481936e-05 1.267284502820166531e-05 -5.605214585000913762e-08 -1.169895595658999279e-06 -2.517316835403536447e-06 -1.694706293996885899e-08 2.441207753942462613e-08
2.715692420736016499e-07 7.898014743079939561e-08 2.383387316430703695e-09 1.296243005596923422e-08 -1.463105873778442021e-08 1.211760355920183464e-07 4.857622382816078779e-09 -6.793852644971206994e-05 -6.498824718882550164e-05 -6.671968344447898498e-05 -3.248623107294785654e-07 8.579270865743721022e-06 1.330671847268582150e-05 -6.714530539015586064e-08 -1.619813485305740711e-07
-2.003794546536363813e-06 -8.644470607094264801e-07 4.056862542811669343e-09 -1.463105873778442021e-08 3.736811225632127359e-07 -1.342583020704997690e-06 -9.874503555537520064e-08 1.154388811028733084e-04 1.022318556271747882e-04 1.052175191082561424e-04 -4.407582708134260368e-08 -1.505735821620042078e-05 -2.364306054190827910e-05 -3.632008500704929367e-08 -2.323503120330039568e-07
9.940112746115563618e-05 5.276342421018098796e-06 3.168053501659075321e-08 1.211760355920183464e-07 -1.342583020704997690e-06 5.392048071106385598e-05 -1.995511363810165018e-06 -1.162536073271824193e-03 -1.025720761376017936e-03 -1.020079195217285170e-03 -5.178628917464831301e-05 6.589284711976769635e-05 1.208682740555162995e-04 -3.790095655123389353e-06 -2.203086720159026865e-06
7.324662362810165828e-06 4.481774911374126046e-07 1.803410530661843755e-08 4.857622382816078779e-09 -9.874503555537520064e-08 -1.995511363810165018e-06 5.813803071702402869e-06 1.115781891251533446e-04 1.425423753246460861e-05 -2.380107396988407261e-05 6.343748436960865575e-06 2.538554986765972774e-05 2.823832060236915252e-05 -2.842529940361798765e-07 -1.568385382455095193e-07
-3.460702745593889108e-03 -3.951419959102598842e-03 1.319213173885638082e-05 -6.793852644971206994e-05 1.154388811028733084e-04 -1.162536073271824193e-03 1.115781891251533446e-04 3.703764338737583373e+00 3.176667190844064237e+00 3.373684918218016193e+00 -1.107439043349269792e-01 -6.440102830445046944e-01 -9.662106963478276356e-01 -2.463432781025119353e-04 -1.478434762682977904e-04
-3.392021279231317160e-03 -3.743930097871219290e-03 1.053049843512481936e-05 -6.498824718882550164e-05 1.022318556271747882e-04 -1.025720761376017936e-03 1.425423753246462047e-05 3.176667190844064237e+00 3.305199789860101767e+00 3.241107765443060451e+00 -1.419703817239489907e-01 -6.605311552088088956e-01 -9.705300468412475512e-01 -2.410660672980016023e-04 -1.493444212569170837e-04
-3.490215276592289941e-03 -3.817427093197337407e-03 1.267284502820166531e-05 -6.671968344447898498e-05 1.052175191082561424e-04 -1.020079195217285170e-03 -2.380107396988407939e-05 3.373684918218016193e+00 3.241107765443060451e+00 3.368897108274544028e+00 -1.435518449047131773e-01 -6.615430721247360646e-01 -9.764381732348191845e-01 -2.518074820179467665e-04 -1.662300815823492873e-04
2.163320219038581031e-05 8.420711086931713342e-05 -5.605214585000913762e-08 -3.248623107294785124e-07 -4.407582708134245810e-08 -5.178628917464831301e-05 6.343748436960865575e-06 -1.107439043349269653e-01 -1.419703817239489907e-01 -1.435518449047132050e-01 2.998924032353608715e-02 3.120700143972231569e-02 6.158071440406529679e-02 5.692712526329679086e-05 9.586532641632073521e-05
4.907446960666584030e-04 6.578164631069018716e-04 -1.169895595658998855e-06 8.579270865743721022e-06 -1.505735821620042078e-05 6.589284711976769635e-05 2.538554986765972774e-05 -6.440102830445046944e-01 -6.605311552088088956e-01 -6.615430721247360646e-01 3.120700143972231569e-02 1.695418171123472539e-01 2.283775298035211065e-01 9.320735502286922039e-05 1.170598234105344637e-04
7.641281632697270428e-04 9.675125679248695832e-04 -2.517316835403536447e-06 1.330671847268582150e-05 -2.364306054190827910e-05 1.208682740555162724e-04 2.823832060236915252e-05 -9.662106963478276356e-01 -9.705300468412475512e-01 -9.764381732348191845e-01 6.158071440406529679e-02 2.283775298035211065e-01 3.670933837207282502e-01 1.448686258333318903e-04 1.725238071698441758e-04
-7.967423301667023915e-06 4.225975879323151037e-08 -1.694706293996885899e-08 -6.714530539015586064e-08 -3.632008500704929367e-08 -3.790095655123389353e-06 -2.842529940361798765e-07 -2.463432781025119353e-04 -2.410660672980016023e-04 -2.518074820179467665e-04 5.692712526329679086e-05 9.320735502286922039e-05 1.448686258333318903e-04 1.347553358917456477e-05 4.685051491508228817e-06
-3.069089216549750035e-06 -1.598532475592851898e-06 2.441207753942462613e-08 -1.619813485305740446e-07 -2.323503120330040097e-07 -2.203086720159026865e-06 -1.568385382455095193e-07 -1.478434762682978717e-04 -1.493444212569170566e-04 -1.662300815823492331e-04 9.586532641632073521e-05 1.170598234105344908e-04 1.725238071698441758e-04 4.685051491508228817e-06 1.383463689952779362e-05
