# logA ns theta_MC_100 ombh2 omch2 tau A_planck amp_143 amp_217 amp_143x217 n_143 n_217 n_143x217 calTE calEE
1.892518331372034944e-04 9.225699046839630474e-06 1.448357423394725985e-07 2.522432172953122242e-07 -1.821603200735791707e-06 8.875199070548027663e-05 7.708650669410296912e-06 -3.722404425222522895e-03 -3.767347227521458588e-03 -3.912573251113270721e-03 8.625364394182892546e-05 5.589756219615994856e-04 8.367330085746478140e-04 -5.262156387191389286e-06 -2.549913775075410526e-06
9.225699046839630474e-06 1.120795390548454611e-05 4.932482263405153809e-08 7.714149611966413127e-08 -9.085719312530398755e-07 5.914541915122222175e-06 1.748354014729353030e-07 -3.967020511474421765e-03 -3.836956600014858419e-03 -3.903994105591156085e-03 1.111612958977418168e-04 6.316943602995829478e-04 9.134523251044431849e-04 6.980533547940939151e-08 -1.700914226676671360e-06
1.448357423394725985e-07 4.932482263405153809e-08 5.066233516967728749e-08 2.431117151069523127e-09 3.736978109098422981e-10 5.612075256249022519e-08 -1.176628920949569994e-10 2.353255640842014958e-05 2.729111184951134574e-05 2.653357561148561510e-05 -1.699173292120479708e-06 -5.094043690273204274e-06 -6.445637542267175985e-06 -1.676244916682201963e-08 2.590164086947863908e-08
2.522432172953122242e-07 7.714149611966413127e-08 2.431117151069523127e-09 1.321448066146435132e-08 -1.475616287438993955e-08 1.149398042034496370e-07 3.118216998696751185e-09 -6.779338249706252624e-05 -6.519682286483725366e-05 -6.590184153635033422e-05 -9.037284915435822147e-08 7.548706945203752430e-06 1.069100083738963788e-05 -6.583115486855068616e-08 -1.645893440454719011e-07
-1.821603200735791707e-06 -9.085719312530398755e-07 3.736978109098422981e-10 -1.475616287438993955e-08 3.763469914382335607e-07 -1.277118067660747552e-06 -7.975633974809402158e-08 9.858835492941621912e-05 1.107448725609187101e-04 1.067821829438879932e-04 -1.594121772713990441e-06 -1.546343603913841113e-05 -2.263568668676179703e-05 -4.019215029493447839e-08 -2.275326724329701071e-07
8.875199070548027663e-05 5.914541915122222175e-06 5.612075256249022519e-08 1.149398042034496370e-07 -1.277118067660747552e-06 4.860674440256635749e-05 -2.060403220078330253e-06 -1.360739251856508871e-03 -1.324891280194218438e-03 -1.343079726928954158e-03 -1.612509917924872242e-05 1.398617142055867289e-04 1.966338199258519173e-04 -2.570945210488588633e-06 -1.992977641212283730e-06
7.708650669410296912e-06 1.748354014729353030e-07 -1.176628920949569994e-10 3.118216998696751185e-09 -7.975633974809402158e-08 -2.060403220078330253e-06 6.065071336843316969e-06 2.411067849579393789e-04 1.557313013566683695e-04 1.219825328299897234e-04 -4.873723142361345855e-06 -1.466360627828745312e-05 -7.390354496062592879e-06 -2.442423908976362402e-07 -9.033082224534722860e-08
-3.722404425222522895e-03 -3.967020511474421765e-03 2.353255640842014958e-05 -6.779338249706252624e-05 9.858835492941621912e-05 -1.360739251856508871e-03 2.411067849579393789e-04 3.801021632063799949e+00 3.289529703233023294e+00 3.485944578297472063e+00 -1.422566416247875443e-01 -6.337521766302538495e-01 -9.254299495856469493e-01 -3.762475208647681098e-04 2.211198917600872097e-05
-3.767347227521458588e-03 -3.836956600014858419e-03 2.729111184951134574e-05 -6.519682286483725366e-05 1.107448725609187101e-04 -1.324891280194218438e-03 1.557313013566683966e-04 3.289529703233023294e+00 3.446595985696758735e+00 3.374640613172722237e+00 -1.770034797753886890e-01 -6.521681580452560745e-01 -9.383401222136713571e-01 -3.641895889004290784e-04 -7.561220268840216155e-05
-3.912573251113270721e-03 -3.903994105591156085e-03 2.653357561148561510e-05 -6.590184153635033422e-05 1.067821829438879932e-04 -1.343079726928954158e-03 1.219825328299897505e-04 3.485944578297472063e+00 3.374640613172722237e+00 3.498910603196584646e+00 -1.773647617406965415e-01 -6.523155877074622300e-01 -9.395053603753644733e-01 -3.825367799181238421e-04 -5.994449174860016035e-05
8.625364394182892546e-05 1.111612958977418168e-04 -1.699173292120479708e-06 -9.037284915435823470e-08 -1.594121772713990441e-06 -1.612509917924872580e-05 -4.873723142361345855e-06 -1.422566416247875443e-01 -1.770034797753886890e-01 -1.773647617406965415e-01 3.350372386802660807e-02 3.846855010603964647e-02 7.035869734076570514e-02 8.147615732077456198e-05 1.106735888480423369e-04
5.589756219615993772e-04 6.316943602995829478e-04 -5.094043690273203427e-06 7.548706945203752430e-06 -1.546343603913840774e-05 1.398617142055867289e-04 -1.466360627828745143e-05 -6.337521766302538495e-01 -6.521681580452560745e-01 -6.523155877074622300e-01 3.846855010603964647e-02 1.597372095720084040e-01 2.117261016266323015e-01 1.223909430545054165e-04 1.183584396487929921e-04
8.367330085746478140e-04 9.134523251044431849e-04 -6.445637542267175985e-06 1.069100083738963788e-05 -2.263568668676180042e-05 1.966338199258519173e-04 -7.390354496062591185e-06 -9.254299495856469493e-01 -9.383401222136713571e-01 -9.395053603753641402e-01 7.035869734076570514e-02 2.117261016266323015e-01 3.311268842413035429e-01 2.022997803647434147e-04 1.870588105549649818e-04
-5.262156387191389286e-06 6.980533547940939151e-08 -1.676244916682201963e-08 -6.583115486855068616e-08 -4.019215029493447839e-08 -2.570945210488588633e-06 -2.442423908976362402e-07 -3.762475208647681098e-04 -3.641895889004290784e-04 -3.825367799181238421e-04 8.147615732077456198e-05 1.223909430545054165e-04 2.022997803647434147e-04 1.308959091801619049e-05 4.766818586248543306e-06
-2.549913775075410526e-06 -1.700914226676671572e-06 2.590164086947863577e-08 -1.645893440454719011e-07 -2.275326724329701071e-07 -1.992977641212283730e-06 -9.033082224534716242e-08 2.211198917600874469e-05 -7.561220268840214800e-05 -5.994449174860005871e-05 1.106735888480423369e-04 1.183584396487929921e-04 1.870588105549650360e-04 4.766818586248543306e-06 1.390052427228144713e-05
